0 0.801042 0.238333 0.302083 0.302083
0 0.457292 0.343333 0.402083 0.402083
0 0.672917 0.278333 0.337500 0.337500
0 0.207292 0.315000 0.387500 0.387500
0 0.538542 0.205000 0.250000 0.250000
0 0.919792 0.261667 0.291667 0.291667
0 0.344792 0.231667 0.358333 0.358333
0 0.435417 0.148333 0.189583 0.189583
0 0.683333 0.448333 0.197917 0.197917
0 0.732292 0.113333 0.239583 0.239583
0 0.884375 0.421667 0.127083 0.127083
0 0.561458 0.371667 0.116667 0.116667
0 0.869792 0.098333 0.091667 0.091667
0 0.319792 0.458333 0.187500 0.187500
0 0.611458 0.086667 0.102083 0.102083
0 0.988542 0.538333 0.285417 0.285417
0 0.088542 0.231667 0.197917 0.197917
0 0.980208 0.121667 0.097917 0.097917
