0 0.533333 0.426667 0.387500 0.387500
0 0.461458 0.298333 0.258333 0.258333
0 0.688542 0.343333 0.208333 0.208333
0 0.719792 0.315000 0.243750 0.243750
0 0.528125 0.346667 0.289583 0.289583
0 0.501042 0.321667 0.243750 0.243750
0 0.658333 0.321667 0.241667 0.241667
0 0.708333 0.266667 0.256250 0.256250
0 0.488542 0.265000 0.243750 0.243750
0 0.747917 0.241667 0.275000 0.275000
0 0.435417 0.055000 0.412500 0.412500
0 0.542708 0.296667 0.225000 0.225000
0 0.717708 0.371667 0.222917 0.222917
0 0.469792 0.041667 0.397917 0.397917
0 0.522917 0.523333 0.343750 0.343750
0 0.498958 0.428333 0.281250 0.281250
0 0.602083 0.338333 0.214583 0.214583
0 0.666667 0.201667 0.220833 0.220833
0 0.813542 0.261667 0.250000 0.250000
0 0.482292 0.361667 0.206250 0.206250
0 0.430208 0.316667 0.214583 0.214583
0 0.663542 0.385000 0.164583 0.164583
0 0.607292 0.271667 0.172917 0.172917
0 0.813542 0.431667 0.293750 0.293750
0 0.361458 0.226667 0.162500 0.162500
0 0.536458 0.236667 0.206250 0.206250
0 0.660417 0.265000 0.145833 0.145833
0 0.488542 0.488333 0.316667 0.316667
0 0.841667 0.381667 0.264583 0.264583
0 0.377083 0.148333 0.252083 0.252083
0 0.452083 0.235000 0.200000 0.200000
0 0.719792 0.208333 0.181250 0.181250
0 0.582292 0.033333 0.283333 0.283333
0 0.807292 0.331667 0.172917 0.172917
0 0.560417 0.386667 0.162500 0.162500
0 0.396875 0.093333 0.239583 0.239583
0 0.746875 0.351667 0.175000 0.175000
0 0.573958 0.171667 0.129167 0.129167
0 0.695833 0.418333 0.120833 0.120833
0 0.559375 0.116667 0.200000 0.200000
0 0.373958 0.281667 0.175000 0.175000
0 0.635417 0.411667 0.114583 0.114583
0 0.415625 0.243333 0.183333 0.183333
0 0.873958 0.393333 0.293750 0.293750
0 0.395833 0.321667 0.200000 0.200000
0 0.634375 0.233333 0.137500 0.137500
0 0.502083 0.178333 0.137500 0.137500
0 0.535417 0.065000 0.243750 0.243750
0 0.523958 0.121667 0.189583 0.189583
0 0.771875 0.321667 0.135417 0.135417
0 0.346875 0.121667 0.229167 0.229167
0 0.419792 0.133333 0.229167 0.229167
0 0.570833 0.325000 0.152083 0.152083
0 0.608333 0.435000 0.100000 0.100000
0 0.603125 0.075000 0.216667 0.216667
0 0.327083 0.186667 0.135417 0.135417
0 0.594792 0.225000 0.118750 0.118750
0 0.404167 0.181667 0.164583 0.164583
0 0.438542 0.388333 0.145833 0.145833
0 0.771875 0.393333 0.122917 0.122917
0 0.613542 0.181667 0.110417 0.110417
0 0.539583 0.181667 0.104167 0.104167
0 0.839583 0.328333 0.206250 0.206250
0 0.496875 0.076667 0.235417 0.235417
0 0.733333 0.443333 0.160417 0.160417
0 0.597917 0.128333 0.127083 0.127083
0 0.780208 0.201667 0.152083 0.152083
0 0.591667 0.391667 0.139583 0.139583
0 0.451042 0.155000 0.077083 0.077083
0 0.230208 0.196667 0.085417 0.085417
0 0.634375 0.128333 0.129167 0.129167
0 0.848958 0.276667 0.181250 0.181250
0 0.604167 0.518333 0.137500 0.137500
0 0.711458 0.158333 0.118750 0.118750
0 0.630208 0.358333 0.087500 0.087500
0 0.573958 0.265000 0.106250 0.106250
0 0.671875 0.453333 0.087500 0.087500
0 0.552083 0.471667 0.104167 0.104167
0 0.302083 0.245000 0.079167 0.079167
0 0.270833 0.285000 0.127083 0.127083
0 0.569792 0.535000 0.170833 0.170833
0 0.277083 0.193333 0.068750 0.068750
0 0.754167 0.151667 0.097917 0.097917
0 0.363542 0.416667 0.118750 0.118750
0 0.461458 0.098333 0.139583 0.139583
0 0.464583 0.455000 0.089583 0.089583
0 0.816667 0.496667 0.110417 0.110417
0 0.482292 0.138333 0.083333 0.083333
0 0.777083 0.271667 0.077083 0.077083
0 0.669792 0.148333 0.104167 0.104167
0 0.810417 0.381667 0.085417 0.085417
0 0.311458 0.131667 0.093750 0.093750
