0 0.332292 0.348333 0.204167 0.204167
0 0.126042 0.321667 0.222917 0.222917
0 0.330208 0.251667 0.275000 0.275000
0 0.098958 0.368333 0.158333 0.158333
0 0.208333 0.348333 0.191667 0.191667
0 0.747917 0.321667 0.208333 0.208333
0 0.067708 0.355000 0.093750 0.093750
0 0.292708 0.368333 0.225000 0.225000
0 0.319792 0.298333 0.181250 0.181250
0 0.758333 0.368333 0.147917 0.147917
0 0.722917 0.391667 0.156250 0.156250
0 0.822917 0.348333 0.187500 0.187500
0 0.161458 0.343333 0.139583 0.139583
0 0.169792 0.458333 0.108333 0.108333
0 0.292708 0.426667 0.079167 0.079167
0 0.423958 0.221667 0.110417 0.110417
