0 0.420833 0.255000 0.325000 0.325000
0 0.378125 0.281667 0.291667 0.291667
0 0.460417 0.265000 0.318750 0.318750
0 0.539583 0.261667 0.308333 0.308333
0 0.488542 0.306667 0.252083 0.252083
0 0.758333 0.196667 0.310417 0.310417
0 0.441667 0.356667 0.285417 0.285417
0 0.501042 0.396667 0.337500 0.337500
0 0.708333 0.296667 0.264583 0.264583
0 0.435417 0.008333 0.402083 0.402083
0 0.767708 0.285000 0.308333 0.308333
0 0.527083 0.308333 0.258333 0.258333
0 0.663542 0.336667 0.229167 0.229167
0 0.405208 0.208333 0.297917 0.297917
0 0.358333 0.238333 0.250000 0.250000
0 0.632292 0.353333 0.229167 0.229167
0 0.438542 0.213333 0.306250 0.306250
0 0.398958 0.326667 0.233333 0.233333
0 0.135417 0.315000 0.345833 0.345833
0 0.298958 0.086667 0.277083 0.277083
0 0.428125 0.305000 0.191667 0.191667
0 0.336458 0.031667 0.395833 0.395833
0 0.514583 0.013333 0.310417 0.310417
0 0.558333 0.318333 0.250000 0.250000
0 0.673958 0.258333 0.200000 0.200000
0 0.802083 0.348333 0.197917 0.197917
0 0.119792 0.371667 0.387500 0.387500
0 0.782292 0.391667 0.231250 0.231250
0 0.310417 0.185000 0.197917 0.197917
0 0.555208 0.133333 0.145833 0.145833
0 0.808333 0.265000 0.281250 0.281250
0 0.659375 0.215000 0.183333 0.183333
0 0.207292 0.381667 0.212500 0.212500
0 0.214583 0.301667 0.191667 0.191667
0 0.611458 0.266667 0.175000 0.175000
0 0.634375 0.303333 0.187500 0.187500
0 0.376042 0.168333 0.250000 0.250000
0 0.702083 0.191667 0.183333 0.183333
0 0.057292 0.316667 0.412500 0.412500
0 0.740625 0.245000 0.237500 0.237500
0 0.554167 0.023333 0.239583 0.239583
0 0.269792 0.143333 0.214583 0.214583
0 0.617708 0.211667 0.214583 0.214583
0 0.094792 0.313333 0.343750 0.343750
0 0.473958 0.366667 0.220833 0.220833
0 0.597917 0.348333 0.164583 0.164583
0 0.217708 0.098333 0.204167 0.204167
0 0.361458 0.361667 0.152083 0.152083
0 0.880208 0.321667 0.272917 0.272917
0 0.185417 0.236667 0.206250 0.206250
0 0.338542 0.126667 0.200000 0.200000
0 0.710417 0.375000 0.139583 0.139583
0 0.063542 0.246667 0.308333 0.308333
0 0.588542 0.111667 0.147917 0.147917
0 0.209375 0.191667 0.097917 0.097917
0 0.839583 0.281667 0.200000 0.200000
0 0.686458 0.121667 0.175000 0.175000
0 0.480208 0.126667 0.154167 0.154167
0 0.246875 0.343333 0.189583 0.189583
0 0.757292 0.351667 0.162500 0.162500
0 0.380208 0.011667 0.312500 0.312500
0 0.470833 0.026667 0.222917 0.222917
0 0.310417 0.375000 0.127083 0.127083
0 0.583333 0.226667 0.175000 0.175000
0 0.367708 0.075000 0.250000 0.250000
0 0.183333 0.301667 0.206250 0.206250
0 0.930208 0.395000 0.404167 0.404167
0 0.151042 0.238333 0.216667 0.216667
0 0.321875 0.235000 0.179167 0.179167
0 0.338542 0.283333 0.187500 0.187500
0 0.682292 0.401667 0.139583 0.139583
0 0.604167 0.025000 0.195833 0.195833
0 0.721875 0.126667 0.122917 0.122917
0 0.891667 0.261667 0.222917 0.222917
0 0.738542 0.413333 0.143750 0.143750
0 0.232292 0.148333 0.139583 0.139583
0 0.540625 0.086667 0.106250 0.106250
0 0.290625 0.331667 0.114583 0.114583
0 0.447917 0.126667 0.143750 0.143750
0 0.369792 0.416667 0.120833 0.120833
0 0.194792 0.135000 0.118750 0.118750
0 0.163542 0.363333 0.170833 0.170833
0 0.828125 0.391667 0.168750 0.168750
0 0.580208 0.163333 0.118750 0.118750
0 0.563542 0.391667 0.175000 0.175000
0 0.510417 0.145000 0.129167 0.129167
0 0.629167 0.103333 0.118750 0.118750
0 0.641667 0.031667 0.170833 0.170833
0 0.532292 0.443333 0.089583 0.089583
0 0.223958 0.236667 0.143750 0.143750
0 0.595833 0.405000 0.141667 0.141667
0 0.267708 0.288333 0.127083 0.127083
0 0.244792 0.408333 0.139583 0.139583
0 0.345833 0.185000 0.135417 0.135417
0 0.420833 0.095000 0.133333 0.133333
0 0.552083 0.208333 0.118750 0.118750
0 0.708333 0.243333 0.131250 0.131250
0 0.671875 0.165000 0.114583 0.114583
0 0.460417 0.418333 0.127083 0.127083
0 0.483333 0.073333 0.095833 0.095833
0 0.611458 0.158333 0.075000 0.075000
0 0.642708 0.421667 0.137500 0.137500
0 0.270833 0.193333 0.120833 0.120833
0 0.409375 0.038333 0.147917 0.147917
0 0.391667 0.118333 0.143750 0.143750
0 0.401042 0.416667 0.097917 0.097917
0 0.446875 0.065000 0.072917 0.072917
0 0.808333 0.213333 0.110417 0.110417
0 0.483333 0.201667 0.122917 0.122917
0 0.420833 0.161667 0.118750 0.118750
0 0.294792 0.431667 0.104167 0.104167
0 0.213542 0.478333 0.091667 0.091667
0 0.291667 0.255000 0.070833 0.070833
0 0.707292 0.433333 0.093750 0.093750
0 0.667708 0.075000 0.095833 0.095833
0 0.861458 0.366667 0.116667 0.116667
0 0.779167 0.236667 0.085417 0.085417
0 0.834375 0.336667 0.106250 0.106250
