0 0.254167 0.313333 0.266667 0.266667
0 0.309375 0.365000 0.241667 0.241667
0 0.294792 0.316667 0.227083 0.227083
0 0.271875 0.361667 0.200000 0.200000
0 0.235417 0.391667 0.195833 0.195833
0 0.326042 0.306667 0.200000 0.200000
0 0.238542 0.251667 0.197917 0.197917
0 0.292708 0.256667 0.158333 0.158333
0 0.272917 0.425000 0.127083 0.127083
0 0.182292 0.325000 0.204167 0.204167
0 0.340625 0.401667 0.168750 0.168750
0 0.220833 0.296667 0.170833 0.170833
0 0.371875 0.415000 0.118750 0.118750
0 0.361458 0.363333 0.127083 0.127083
0 0.445833 0.416667 0.160417 0.160417
0 0.305208 0.426667 0.102083 0.102083
0 0.266667 0.228333 0.181250 0.181250
0 0.188542 0.153333 0.125000 0.125000
0 0.392708 0.361667 0.139583 0.139583
0 0.213542 0.438333 0.112500 0.112500
0 0.402083 0.445000 0.143750 0.143750
0 0.184375 0.231667 0.143750 0.143750
0 0.441667 0.365000 0.133333 0.133333
0 0.204167 0.385000 0.106250 0.106250
0 0.220833 0.155000 0.118750 0.118750
0 0.138542 0.425000 0.114583 0.114583
0 0.169792 0.433333 0.068750 0.068750
0 0.523958 0.405000 0.131250 0.131250
0 0.757292 0.341667 0.187500 0.187500
0 0.138542 0.345000 0.162500 0.162500
0 0.480208 0.405000 0.102083 0.102083
0 0.094792 0.413333 0.112500 0.112500
