0 0.604167 0.281667 0.275000 0.275000
0 0.284375 0.325000 0.381250 0.381250
0 0.663542 0.295000 0.297917 0.297917
0 0.390625 0.321667 0.220833 0.220833
0 0.294792 0.378333 0.402083 0.402083
0 0.338542 0.296667 0.281250 0.281250
0 0.536458 0.295000 0.260417 0.260417
0 0.488542 0.088333 0.310417 0.310417
0 0.501042 0.041667 0.352083 0.352083
0 0.555208 0.228333 0.266667 0.266667
0 0.332292 0.243333 0.241667 0.241667
0 0.626042 0.201667 0.318750 0.318750
0 0.588542 0.231667 0.256250 0.256250
0 0.517708 0.191667 0.243750 0.243750
0 0.484375 0.166667 0.183333 0.183333
0 0.379167 0.181667 0.112500 0.112500
0 0.459375 0.066667 0.306250 0.306250
0 0.398958 0.108333 0.212500 0.212500
0 0.605208 0.348333 0.204167 0.204167
0 0.854167 0.211667 0.250000 0.250000
0 0.327083 0.423333 0.239583 0.239583
0 0.532292 0.058333 0.264583 0.264583
0 0.573958 0.341667 0.204167 0.204167
0 0.361458 0.393333 0.168750 0.168750
0 0.363542 0.443333 0.250000 0.250000
0 0.191667 0.303333 0.293750 0.293750
0 0.476042 0.391667 0.145833 0.145833
0 0.860417 0.261667 0.229167 0.229167
0 0.426042 0.378333 0.150000 0.150000
0 0.455208 0.331667 0.114583 0.114583
0 0.453125 0.175000 0.172917 0.172917
0 0.323958 0.111667 0.120833 0.120833
0 0.486458 0.231667 0.164583 0.164583
0 0.301042 0.453333 0.291667 0.291667
0 0.461458 0.118333 0.110417 0.110417
0 0.919792 0.148333 0.183333 0.183333
0 0.536458 0.151667 0.175000 0.175000
0 0.413542 0.271667 0.145833 0.145833
0 0.352083 0.345000 0.158333 0.158333
0 0.564583 0.395000 0.114583 0.114583
0 0.611458 0.458333 0.064583 0.064583
0 0.241667 0.246667 0.218750 0.218750
0 0.755208 0.103333 0.129167 0.129167
0 0.717708 0.085000 0.093750 0.093750
0 0.430208 0.225000 0.091667 0.091667
0 0.232292 0.321667 0.214583 0.214583
0 0.420833 0.018333 0.164583 0.164583
0 0.626042 0.391667 0.139583 0.139583
0 0.391667 0.373333 0.106250 0.106250
0 0.891667 0.125000 0.152083 0.152083
0 0.773958 0.061667 0.150000 0.150000
0 0.530208 0.346667 0.143750 0.143750
0 0.836458 0.086667 0.091667 0.091667
0 0.264583 0.283333 0.147917 0.147917
0 0.523958 0.245000 0.131250 0.131250
0 0.667708 0.386667 0.091667 0.091667
0 0.455208 0.263333 0.070833 0.070833
0 0.670833 0.003333 0.175000 0.175000
0 0.732292 0.015000 0.143750 0.143750
0 0.557292 0.111667 0.129167 0.129167
0 0.380208 0.246667 0.095833 0.095833
0 0.344792 0.193333 0.079167 0.079167
0 0.601042 0.045000 0.135417 0.135417
0 0.902083 0.248333 0.166667 0.166667
0 0.634375 0.096667 0.075000 0.075000
0 0.507292 0.391667 0.085417 0.085417
0 0.798958 0.105000 0.066667 0.066667
0 0.467708 0.451667 0.102083 0.102083
0 0.294792 0.178333 0.093750 0.093750
0 0.432292 0.103333 0.064583 0.064583
0 0.558333 0.455000 0.154167 0.154167
0 0.601042 0.095000 0.077083 0.077083
0 0.320833 0.341667 0.120833 0.120833
0 0.742708 0.391667 0.095833 0.095833
0 0.685417 0.086667 0.093750 0.093750
