0 0.203125 0.338333 0.216667 0.216667
0 0.332292 0.346667 0.200000 0.200000
0 0.094792 0.351667 0.183333 0.183333
0 0.279167 0.328333 0.181250 0.181250
0 0.763542 0.378333 0.156250 0.156250
0 0.810417 0.278333 0.214583 0.214583
0 0.059375 0.348333 0.112500 0.112500
0 0.732292 0.398333 0.177083 0.177083
0 0.088542 0.448333 0.108333 0.108333
0 0.173958 0.358333 0.125000 0.125000
0 0.319792 0.478333 0.097917 0.097917
0 0.751042 0.326667 0.152083 0.152083
0 0.157292 0.453333 0.075000 0.075000
0 0.329167 0.401667 0.110417 0.110417
