0 0.532292 0.323333 0.354167 0.354167
0 0.454167 0.281667 0.293750 0.293750
0 0.786458 0.275000 0.266667 0.266667
0 0.538542 0.271667 0.289583 0.289583
0 0.513542 0.403333 0.341667 0.341667
0 0.567708 0.298333 0.312500 0.312500
0 0.486458 0.271667 0.300000 0.300000
0 0.404167 0.293333 0.264583 0.264583
0 0.634375 0.266667 0.250000 0.250000
0 0.714583 0.295000 0.241667 0.241667
0 0.742708 0.238333 0.233333 0.233333
0 0.405208 0.223333 0.275000 0.275000
0 0.469792 0.338333 0.258333 0.258333
0 0.688542 0.338333 0.189583 0.189583
0 0.436458 0.231667 0.281250 0.281250
0 0.639583 0.216667 0.212500 0.212500
0 0.551042 0.413333 0.264583 0.264583
0 0.421875 0.341667 0.243750 0.243750
0 0.573958 0.358333 0.277083 0.277083
0 0.716667 0.193333 0.204167 0.204167
0 0.398958 0.063333 0.272917 0.272917
0 0.755208 0.295000 0.243750 0.243750
0 0.357292 0.125000 0.252083 0.252083
0 0.626042 0.316667 0.179167 0.179167
0 0.586458 0.245000 0.239583 0.239583
0 0.353125 0.071667 0.291667 0.291667
0 0.555208 0.016667 0.304167 0.304167
0 0.408333 0.006667 0.377083 0.377083
0 0.657292 0.315000 0.179167 0.179167
0 0.667708 0.241667 0.145833 0.145833
0 0.520833 0.228333 0.229167 0.229167
0 0.584375 0.125000 0.164583 0.164583
0 0.861458 0.333333 0.258333 0.258333
0 0.772917 0.221667 0.241667 0.241667
0 0.501042 0.321667 0.212500 0.212500
0 0.323958 0.151667 0.189583 0.189583
0 0.435417 0.176667 0.208333 0.208333
0 0.664583 0.183333 0.195833 0.195833
0 0.459375 0.398333 0.243750 0.243750
0 0.815625 0.243333 0.247917 0.247917
0 0.757292 0.443333 0.243750 0.243750
0 0.719792 0.373333 0.129167 0.129167
0 0.623958 0.373333 0.162500 0.162500
0 0.808333 0.316667 0.187500 0.187500
0 0.540625 0.146667 0.135417 0.135417
0 0.491667 0.075000 0.160417 0.160417
0 0.609375 0.025000 0.214583 0.214583
0 0.615625 0.155000 0.118750 0.118750
0 0.388542 0.165000 0.197917 0.197917
0 0.466667 0.038333 0.210417 0.210417
0 0.192708 0.351667 0.291667 0.291667
0 0.390625 0.111667 0.216667 0.216667
0 0.595833 0.076667 0.172917 0.172917
0 0.491667 0.156667 0.135417 0.135417
0 0.373958 0.028333 0.272917 0.272917
0 0.352083 0.178333 0.137500 0.137500
0 0.695833 0.148333 0.181250 0.181250
0 0.521875 0.026667 0.239583 0.239583
0 0.258333 0.098333 0.189583 0.189583
0 0.301042 0.086667 0.189583 0.189583
0 0.704167 0.241667 0.147917 0.147917
0 0.276042 0.333333 0.187500 0.187500
0 0.758333 0.371667 0.154167 0.154167
0 0.614583 0.446667 0.129167 0.129167
0 0.841667 0.283333 0.166667 0.166667
0 0.296875 0.178333 0.131250 0.131250
0 0.440625 0.111667 0.133333 0.133333
0 0.707292 0.428333 0.104167 0.104167
0 0.564583 0.081667 0.131250 0.131250
0 0.603125 0.201667 0.100000 0.100000
0 0.376042 0.413333 0.114583 0.114583
0 0.629167 0.105000 0.085417 0.085417
0 0.326042 0.046667 0.195833 0.195833
0 0.369792 0.246667 0.137500 0.137500
0 0.571875 0.171667 0.104167 0.104167
0 0.433333 0.061667 0.139583 0.139583
0 0.667708 0.418333 0.110417 0.110417
0 0.595833 0.405000 0.139583 0.139583
0 0.277083 0.221667 0.093750 0.093750
0 0.366667 0.361667 0.120833 0.120833
0 0.298958 0.293333 0.122917 0.122917
0 0.413542 0.413333 0.114583 0.114583
0 0.876042 0.271667 0.197917 0.197917
0 0.832292 0.365000 0.147917 0.147917
0 0.211458 0.136667 0.104167 0.104167
0 0.683333 0.285000 0.118750 0.118750
0 0.660417 0.106667 0.095833 0.095833
0 0.233333 0.251667 0.152083 0.152083
0 0.269792 0.405000 0.162500 0.162500
0 0.484375 0.215000 0.089583 0.089583
0 0.785417 0.396667 0.106250 0.106250
0 0.523958 0.083333 0.093750 0.093750
0 0.338542 0.406667 0.079167 0.079167
0 0.758333 0.176667 0.102083 0.102083
0 0.647917 0.053333 0.127083 0.127083
0 0.573958 0.451667 0.104167 0.104167
0 0.330208 0.216667 0.106250 0.106250
0 0.733333 0.125000 0.129167 0.129167
0 0.559375 0.221667 0.081250 0.081250
0 0.339583 0.311667 0.066667 0.066667
0 0.238542 0.388333 0.160417 0.160417
0 0.471875 0.116667 0.070833 0.070833
0 0.821875 0.146667 0.131250 0.131250
