0 0.722917 0.336667 0.239583 0.239583
0 0.792708 0.293333 0.318750 0.318750
0 0.463542 0.063333 0.406250 0.406250
0 0.516667 0.311667 0.241667 0.241667
0 0.691667 0.338333 0.233333 0.233333
0 0.452083 0.128333 0.325000 0.325000
0 0.554167 0.308333 0.220833 0.220833
0 0.729167 0.265000 0.258333 0.258333
0 0.655208 0.328333 0.206250 0.206250
0 0.813542 0.423333 0.260417 0.260417
0 0.582292 0.365000 0.187500 0.187500
0 0.484375 0.116667 0.368750 0.368750
0 0.497917 0.351667 0.229167 0.229167
0 0.669792 0.375000 0.170833 0.170833
0 0.441667 0.325000 0.225000 0.225000
0 0.701042 0.235000 0.216667 0.216667
0 0.623958 0.288333 0.172917 0.172917
0 0.551042 0.401667 0.241667 0.241667
0 0.644792 0.235000 0.212500 0.212500
0 0.758333 0.405000 0.168750 0.168750
0 0.832292 0.475000 0.320833 0.320833
0 0.753125 0.298333 0.187500 0.187500
0 0.694792 0.415000 0.122917 0.122917
0 0.855208 0.391667 0.264583 0.264583
0 0.519792 0.415000 0.212500 0.212500
0 0.467708 0.371667 0.191667 0.191667
0 0.821875 0.355000 0.212500 0.212500
0 0.479167 0.311667 0.189583 0.189583
0 0.579167 0.131667 0.189583 0.189583
0 0.701042 0.286667 0.164583 0.164583
0 0.535417 0.355000 0.181250 0.181250
0 0.772917 0.348333 0.139583 0.139583
0 0.667708 0.275000 0.143750 0.143750
0 0.382292 0.168333 0.212500 0.212500
0 0.598958 0.176667 0.139583 0.139583
0 0.592708 0.065000 0.275000 0.275000
0 0.728125 0.418333 0.162500 0.162500
0 0.605208 0.246667 0.147917 0.147917
0 0.838542 0.288333 0.250000 0.250000
0 0.672917 0.201667 0.172917 0.172917
0 0.619792 0.348333 0.137500 0.137500
0 0.538542 0.146667 0.183333 0.183333
0 0.405208 0.215000 0.110417 0.110417
0 0.459375 0.256667 0.164583 0.164583
0 0.669792 0.458333 0.131250 0.131250
0 0.851042 0.335000 0.191667 0.191667
0 0.523958 0.091667 0.241667 0.241667
0 0.372917 0.225000 0.143750 0.143750
0 0.642708 0.421667 0.087500 0.087500
0 0.621875 0.088333 0.206250 0.206250
0 0.427083 0.371667 0.172917 0.172917
0 0.394792 0.275000 0.106250 0.106250
0 0.769792 0.205000 0.139583 0.139583
0 0.639583 0.161667 0.120833 0.120833
0 0.490625 0.255000 0.168750 0.168750
0 0.411458 0.131667 0.200000 0.200000
0 0.584375 0.421667 0.118750 0.118750
0 0.396875 0.081667 0.206250 0.206250
0 0.616667 0.448333 0.112500 0.112500
0 0.567708 0.198333 0.097917 0.097917
0 0.585417 0.291667 0.120833 0.120833
0 0.523958 0.211667 0.087500 0.087500
0 0.489583 0.193333 0.093750 0.093750
0 0.801042 0.211667 0.154167 0.154167
0 0.570833 0.468333 0.089583 0.089583
0 0.446875 0.208333 0.095833 0.095833
0 0.288542 0.308333 0.131250 0.131250
0 0.423958 0.261667 0.091667 0.091667
0 0.345833 0.268333 0.068750 0.068750
0 0.622917 0.508333 0.112500 0.112500
0 0.520833 0.466667 0.085417 0.085417
0 0.482292 0.445000 0.072917 0.072917
0 0.339583 0.185000 0.093750 0.093750
0 0.438542 0.421667 0.118750 0.118750
0 0.771875 0.451667 0.077083 0.077083
0 0.401042 0.418333 0.108333 0.108333
0 0.890625 0.341667 0.112500 0.112500
