0 0.353125 0.351667 0.237500 0.237500
0 0.167708 0.341667 0.227083 0.227083
0 0.210417 0.356667 0.202083 0.202083
0 0.326042 0.311667 0.208333 0.208333
0 0.097917 0.341667 0.168750 0.168750
0 0.744792 0.378333 0.141667 0.141667
0 0.063542 0.351667 0.100000 0.100000
0 0.810417 0.348333 0.252083 0.252083
0 0.320833 0.361667 0.170833 0.170833
0 0.717708 0.311667 0.235417 0.235417
0 0.807292 0.293333 0.225000 0.225000
0 0.282292 0.258333 0.189583 0.189583
0 0.294792 0.328333 0.120833 0.120833
0 0.057292 0.448333 0.102083 0.102083
0 0.101042 0.231667 0.122917 0.122917
0 0.088542 0.455000 0.102083 0.102083
