0 0.501042 0.271667 0.289583 0.289583
0 0.257292 0.326667 0.335417 0.335417
0 0.563542 0.285000 0.306250 0.306250
0 0.776042 0.261667 0.266667 0.266667
0 0.282292 0.293333 0.268750 0.268750
0 0.473958 0.025000 0.397917 0.397917
0 0.854167 0.238333 0.293750 0.293750
0 0.533333 0.221667 0.272917 0.272917
0 0.588542 0.331667 0.252083 0.252083
0 0.327083 0.386667 0.281250 0.281250
0 0.270833 0.381667 0.266667 0.266667
0 0.255208 0.261667 0.250000 0.250000
0 0.434375 0.043333 0.352083 0.352083
0 0.651042 0.291667 0.264583 0.264583
0 0.532292 0.273333 0.229167 0.229167
0 0.411458 0.181667 0.216667 0.216667
0 0.194792 0.381667 0.404167 0.404167
0 0.548958 0.351667 0.272917 0.272917
0 0.455208 0.246667 0.247917 0.247917
0 0.516667 0.335000 0.233333 0.233333
0 0.388542 0.051667 0.312500 0.312500
0 0.701042 0.245000 0.252083 0.252083
0 0.586458 0.241667 0.258333 0.258333
0 0.384375 0.123333 0.237500 0.237500
0 0.820833 0.185000 0.200000 0.200000
0 0.647917 0.005000 0.260417 0.260417
0 0.419792 0.095000 0.268750 0.268750
0 0.494792 0.216667 0.237500 0.237500
0 0.822917 0.281667 0.229167 0.229167
0 0.227083 0.381667 0.266667 0.266667
0 0.516667 0.176667 0.204167 0.204167
0 0.692708 0.025000 0.243750 0.243750
0 0.296875 0.451667 0.239583 0.239583
0 0.482292 0.356667 0.237500 0.237500
0 0.741667 0.246667 0.195833 0.195833
0 0.663542 0.075000 0.183333 0.183333
0 0.441667 0.201667 0.204167 0.204167
0 0.308333 0.251667 0.195833 0.195833
0 0.336458 0.293333 0.181250 0.181250
0 0.608333 0.005000 0.281250 0.281250
0 0.630208 0.048333 0.214583 0.214583
0 0.370833 0.403333 0.181250 0.181250
0 0.461458 0.313333 0.170833 0.170833
0 0.345833 0.133333 0.191667 0.191667
0 0.194792 0.298333 0.295833 0.295833
0 0.801042 0.226667 0.170833 0.170833
0 0.905208 0.336667 0.181250 0.181250
0 0.455208 0.086667 0.195833 0.195833
0 0.476042 0.176667 0.208333 0.208333
0 0.373958 0.181667 0.152083 0.152083
0 0.332292 0.196667 0.106250 0.106250
0 0.691667 0.103333 0.150000 0.150000
0 0.789583 0.176667 0.183333 0.183333
0 0.680208 0.331667 0.191667 0.191667
0 0.882292 0.285000 0.260417 0.260417
0 0.245833 0.208333 0.189583 0.189583
0 0.727083 0.303333 0.187500 0.187500
0 0.441667 0.138333 0.145833 0.145833
0 0.551042 0.028333 0.208333 0.208333
0 0.639583 0.113333 0.131250 0.131250
0 0.288542 0.128333 0.110417 0.110417
0 0.301042 0.345000 0.129167 0.129167
0 0.673958 0.146667 0.112500 0.112500
0 0.358333 0.225000 0.100000 0.100000
0 0.594792 0.051667 0.204167 0.204167
0 0.430208 0.365000 0.100000 0.100000
0 0.358333 0.355000 0.131250 0.131250
0 0.491667 0.413333 0.137500 0.137500
0 0.257292 0.478333 0.137500 0.137500
0 0.730208 0.038333 0.179167 0.179167
0 0.753125 0.183333 0.154167 0.154167
0 0.760417 0.058333 0.118750 0.118750
0 0.761458 0.403333 0.106250 0.106250
0 0.707292 0.158333 0.104167 0.104167
0 0.391667 0.235000 0.102083 0.102083
0 0.528125 0.125000 0.150000 0.150000
0 0.789583 0.306667 0.147917 0.147917
0 0.851042 0.335000 0.114583 0.114583
0 0.858333 0.185000 0.139583 0.139583
0 0.228125 0.293333 0.147917 0.147917
0 0.557292 0.168333 0.081250 0.081250
0 0.834375 0.093333 0.164583 0.164583
0 0.626042 0.411667 0.131250 0.131250
0 0.520833 0.005000 0.216667 0.216667
0 0.555208 0.086667 0.114583 0.114583
0 0.757292 0.331667 0.147917 0.147917
0 0.538542 0.428333 0.114583 0.114583
0 0.411458 0.415000 0.095833 0.095833
0 0.667708 0.411667 0.139583 0.139583
0 0.163542 0.275000 0.179167 0.179167
0 0.411458 0.475000 0.158333 0.158333
0 0.488542 0.131667 0.139583 0.139583
0 0.705208 0.406667 0.079167 0.079167
0 0.892708 0.396667 0.108333 0.108333
0 0.455208 0.403333 0.104167 0.104167
0 0.591667 0.141667 0.075000 0.075000
0 0.577083 0.416667 0.127083 0.127083
0 0.501042 0.068333 0.095833 0.095833
0 0.861458 0.393333 0.095833 0.095833
0 0.742708 0.135000 0.079167 0.079167
0 0.897917 0.151667 0.179167 0.179167
0 0.805208 0.395000 0.081250 0.081250
0 0.791667 0.058333 0.070833 0.070833
0 0.476042 0.456667 0.081250 0.081250
