0 0.802083 0.263333 0.302083 0.302083
0 0.711458 0.351667 0.414583 0.414583
0 0.467708 0.203333 0.393750 0.393750
0 0.609375 0.266667 0.335417 0.335417
0 0.913542 0.248333 0.272917 0.272917
0 0.360417 0.261667 0.325000 0.325000
0 0.240625 0.341667 0.414583 0.414583
0 0.703125 0.168333 0.181250 0.181250
0 0.446875 0.366667 0.187500 0.187500
0 0.630208 0.456667 0.227083 0.227083
0 0.886458 0.421667 0.129167 0.129167
0 0.851042 0.115000 0.145833 0.145833
0 0.579167 0.096667 0.147917 0.147917
0 0.094792 0.186667 0.254167 0.254167
0 0.263542 0.168333 0.200000 0.200000
0 0.111458 0.363333 0.193750 0.193750
0 0.969792 0.091667 0.068750 0.068750
0 0.991667 0.398333 0.106250 0.106250
0 0.954167 0.568333 0.125000 0.125000
0 0.388542 0.085000 0.104167 0.104167
