0 0.257292 0.333333 0.216667 0.216667
0 0.229167 0.298333 0.239583 0.239583
0 0.295833 0.365000 0.222917 0.222917
0 0.328125 0.355000 0.220833 0.220833
0 0.290625 0.313333 0.204167 0.204167
0 0.255208 0.266667 0.200000 0.200000
0 0.217708 0.351667 0.189583 0.189583
0 0.201042 0.251667 0.208333 0.208333
0 0.392708 0.421667 0.212500 0.212500
0 0.265625 0.383333 0.164583 0.164583
0 0.357292 0.383333 0.154167 0.154167
0 0.244792 0.421667 0.106250 0.106250
0 0.336458 0.428333 0.129167 0.129167
0 0.186458 0.341667 0.170833 0.170833
0 0.453125 0.395000 0.183333 0.183333
0 0.296875 0.421667 0.095833 0.095833
0 0.201042 0.418333 0.102083 0.102083
0 0.419792 0.388333 0.154167 0.154167
0 0.140625 0.151667 0.104167 0.104167
0 0.498958 0.421667 0.195833 0.195833
0 0.288542 0.256667 0.147917 0.147917
0 0.235417 0.226667 0.139583 0.139583
0 0.320833 0.278333 0.129167 0.129167
0 0.176042 0.291667 0.110417 0.110417
0 0.644792 0.381667 0.166667 0.166667
0 0.197917 0.175000 0.083333 0.083333
0 0.113542 0.421667 0.150000 0.150000
0 0.157292 0.441667 0.093750 0.093750
0 0.078125 0.128333 0.104167 0.104167
0 0.607292 0.391667 0.152083 0.152083
0 0.367708 0.455000 0.112500 0.112500
0 0.188542 0.113333 0.089583 0.089583
0 0.147917 0.201667 0.075000 0.075000
