0 0.496875 0.391667 0.412500 0.412500
0 0.502083 0.341667 0.350000 0.350000
0 0.716667 0.293333 0.277083 0.277083
0 0.653125 0.256667 0.266667 0.266667
0 0.509375 0.273333 0.264583 0.264583
0 0.582292 0.283333 0.241667 0.241667
0 0.677083 0.298333 0.222917 0.222917
0 0.460417 0.286667 0.264583 0.264583
0 0.442708 0.221667 0.275000 0.275000
0 0.541667 0.271667 0.247917 0.247917
0 0.432292 0.038333 0.377083 0.377083
0 0.644792 0.318333 0.252083 0.252083
0 0.429167 0.268333 0.231250 0.231250
0 0.680208 0.228333 0.170833 0.170833
0 0.595833 0.335000 0.220833 0.220833
0 0.713542 0.368333 0.187500 0.187500
0 0.816667 0.268333 0.291667 0.291667
0 0.719792 0.236667 0.206250 0.206250
0 0.848958 0.223333 0.306250 0.306250
0 0.557292 0.136667 0.162500 0.162500
0 0.457292 0.338333 0.237500 0.237500
0 0.530208 0.318333 0.216667 0.216667
0 0.404167 0.306667 0.233333 0.233333
0 0.584375 0.228333 0.195833 0.195833
0 0.765625 0.385000 0.183333 0.183333
0 0.417708 0.171667 0.214583 0.214583
0 0.653125 0.205000 0.175000 0.175000
0 0.555208 0.486667 0.308333 0.308333
0 0.527083 0.113333 0.175000 0.175000
0 0.394792 0.023333 0.360417 0.360417
0 0.552083 0.056667 0.197917 0.197917
0 0.815625 0.331667 0.250000 0.250000
0 0.517708 0.016667 0.283333 0.283333
0 0.561458 0.393333 0.225000 0.225000
0 0.329167 0.098333 0.256250 0.256250
0 0.334375 0.221667 0.225000 0.225000
0 0.388542 0.211667 0.214583 0.214583
0 0.373958 0.108333 0.214583 0.214583
0 0.697917 0.428333 0.168750 0.168750
0 0.755208 0.285000 0.175000 0.175000
0 0.515625 0.221667 0.189583 0.189583
0 0.310417 0.155000 0.179167 0.179167
0 0.329167 0.048333 0.260417 0.260417
0 0.891667 0.398333 0.345833 0.345833
0 0.726042 0.181667 0.156250 0.156250
0 0.366667 0.158333 0.195833 0.195833
0 0.620833 0.241667 0.137500 0.137500
0 0.591667 0.118333 0.135417 0.135417
0 0.458333 0.106667 0.131250 0.131250
0 0.886458 0.325000 0.293750 0.293750
0 0.858333 0.296667 0.212500 0.212500
0 0.519792 0.163333 0.118750 0.118750
0 0.886458 0.271667 0.252083 0.252083
0 0.563542 0.333333 0.179167 0.179167
0 0.691667 0.181667 0.147917 0.147917
0 0.736458 0.411667 0.114583 0.114583
0 0.704167 0.003333 0.272917 0.272917
0 0.361458 0.255000 0.200000 0.200000
0 0.488542 0.056667 0.208333 0.208333
0 0.784375 0.338333 0.189583 0.189583
0 0.489583 0.135000 0.135417 0.135417
0 0.669792 0.365000 0.118750 0.118750
0 0.744792 0.338333 0.112500 0.112500
0 0.361458 0.021667 0.283333 0.283333
0 0.819792 0.415000 0.200000 0.200000
0 0.280208 0.065000 0.250000 0.250000
0 0.583333 0.171667 0.104167 0.104167
0 0.435417 0.413333 0.195833 0.195833
0 0.852083 0.346667 0.179167 0.179167
0 0.764583 0.518333 0.158333 0.158333
0 0.463542 0.178333 0.137500 0.137500
0 0.641667 0.155000 0.129167 0.129167
0 0.528125 0.378333 0.187500 0.187500
0 0.585417 0.023333 0.214583 0.214583
0 0.621875 0.393333 0.106250 0.106250
0 0.654167 0.423333 0.104167 0.104167
0 0.739583 0.081667 0.175000 0.175000
0 0.758333 0.186667 0.147917 0.147917
0 0.417708 0.103333 0.120833 0.120833
0 0.552083 0.003333 0.189583 0.189583
0 0.770833 0.141667 0.162500 0.162500
0 0.659375 0.478333 0.143750 0.143750
0 0.728125 0.495000 0.122917 0.122917
0 0.783333 0.441667 0.085417 0.085417
0 0.616667 0.291667 0.110417 0.110417
0 0.772917 0.238333 0.106250 0.106250
0 0.696875 0.116667 0.110417 0.110417
0 0.623958 0.111667 0.091667 0.091667
0 0.551042 0.201667 0.075000 0.075000
0 0.755208 0.598333 0.214583 0.214583
0 0.404167 0.408333 0.091667 0.091667
0 0.261458 0.231667 0.093750 0.093750
0 0.809375 0.213333 0.091667 0.091667
0 0.592708 0.488333 0.154167 0.154167
0 0.584375 0.435000 0.085417 0.085417
0 0.536458 0.436667 0.077083 0.077083
0 0.483333 0.221667 0.104167 0.104167
0 0.859375 0.396667 0.147917 0.147917
0 0.461458 0.021667 0.106250 0.106250
0 0.614583 0.185000 0.066667 0.066667
0 0.770833 0.091667 0.087500 0.087500
0 0.755208 0.471667 0.077083 0.077083
0 0.659375 0.061667 0.112500 0.112500
0 0.369792 0.411667 0.085417 0.085417
0 0.248958 0.095000 0.068750 0.068750
